42 706
491 807
362 794
344 501
69 111
115 302
76 650
87 371
380 465
928 973
330 818
329 635
277 696
353 529
244 651
59 523
775 796
345 760
84 559
826 943
563 953
3 505
218 934
170 441
59 693
153 992
433 704
817 975
445 560
701 797
315 489
497 889
463 469
733 981
222 990
544 754
16 95
157 653
121 999
243 368
77 712
399 972
611 889
10 643
54 758
11 792
474 876
508 561
806 828
322 339
425 581
800 861
18 815
543 553
192 398
427 905
1 37
55 915
886 887
182 695
54 634
219 441
521 989
243 695
54 483
271 833
67 843
332 572
557 759
198 936
194 725
359 684
84 374
752 846
206 752
46 614
114 212
488 886
213 983
710 849
34 793
19 723
156 464
625 997
186 658
258 961
654 905
216 540
51 346
68 279
112 725
408 641
126 826
84 411
24 177
425 930
103 665
92 133
538 676
476 706
302 438
386 843
396 860
193 890
754 851
433 973
806 996
9 409
153 803
512 593
12 633
804 910
60 908
236 838
258 969
653 807
492 758
35 112
4 739
610 975
22 713
288 944
283 892
468 980
140 892
134 476
142 783
589 999
437 698
547 550
565 657
333 729
443 481
141 977
326 616
761 871
51 315
491 723
453 573
138 466
866 945
421 603
48 113
5 593
14 322
432 872
64 797
201 855
751 755
479 505
224 431
90 660
554 942
861 975
50 454
188 925
349 646
110 662
547 594
278 363
177 587
411 912
529 952
337 862
531 781
1 320
794 977
233 248
764 805
654 695
122 529
10 436
486 504
440 534
842 931
487 504
4 983
629 688
480 681
308 359
48 77
143 843
412 541
67 662
443 530
348 582
327 401
436 856
255 789
513 720
115 915
17 881
326 388
19 379
542 757
590 693
618 950
314 844
233 610
788 833
433 622
360 997
478 558
288 749
307 574
963 972
407 986
719 982
499 556
259 286
51 630
474 773
266 732
50 823
256 496
315 540
769 858
375 792
68 175
147 603
347 489
510 521
103 704
510 913
85 196
381 639
316 742
122 236
375 511
278 794
229 638
67 489
226 754
531 792
284 911
37 612
222 265
495 839
452 668
242 638
364 716
297 985
387 824
803 948
88 614
304 833
80 857
705 926
140 250
542 841
50 203
365 725
835 959
561 747
406 629
130 150
45 275
563 843
84 445
157 966
425 878
203 733
51 429
8 610
522 610
267 901
202 902
111 930
250 480
645 712
616 940
654 678
603 703
486 509
269 808
661 796
46 768
68 293
194 279
235 808
8 979
59 862
429 658
264 795
658 760
688 934
94 842
421 422
554 994
624 978
374 802
307 949
93 920
587 781
184 371
58 216
286 963
446 532
86 930
261 514
70 696
288 975
280 842
26 801
433 573
70 568
171 295
373 895
55 166
119 405
282 439
313 560
443 799
44 889
658 844
186 679
197 401
94 165
248 457
142 964
94 770
60 736
682 800
824 895
69 609
439 602
657 861
451 995
26 297
20 286
249 525
99 433
549 747
716 977
68 298
531 885
202 582
75 887
39 689
212 825
663 774
583 737
767 979
149 857
443 952
772 930
18 986
669 814
329 600
613 934
83 740
408 596
23 639
711 921
413 835
312 766
72 670
395 601
64 590
308 507
276 639
83 405
454 670
148 264
279 608
333 655
605 672
758 982
311 582
401 428
71 624
21 843
281 632
504 965
734 901
792 957
687 722
464 484
526 630
478 496
363 655
60 105
610 754
738 977
532 601
178 340
315 597
177 626
102 637
348 609
690 736
233 908
713 758
964 993
345 680
613 650
100 167
146 348
229 368
454 892
49 500
730 795
493 500
594 830
388 962
179 848
390 415
262 879
294 992
182 961
1 891
157 639
318 484
78 380
465 852
450 528
781 808
327 619
235 630
143 453
73 539
260 381
821 965
575 994
13 617
38 515
420 545
475 508
18 638
268 617
34 103
343 650
272 966
392 680
373 977
7 261
273 735
120 578
432 886
580 686
70 314
225 598
206 624
468 646
53 805
873 878
194 697
461 944
211 563
380 417
72 681
221 470
127 895
442 630
513 970
955 994
705 836
371 466
441 827
61 771
233 834
625 839
444 638
333 639
285 749
765 775
336 578
324 821
76 948
163 990
15 177
651 914
840 879
206 693
696 885
512 603
804 909
767 891
878 951
201 593
504 665
277 381
314 486
283 889
798 862
54 837
682 700
299 843
197 971
516 884
523 889
869 881
148 476
731 752
376 936
683 734
4 903
73 289
152 412
132 172
156 568
588 747
734 980
489 656
312 972
249 727
419 649
35 284
451 713
420 977
282 440
605 834
541 769
255 879
552 566
555 732
107 453
300 373
249 522
390 943
182 431
450 731
133 208
806 862
142 728
562 892
805 903
221 391
303 736
276 365
434 781
394 421
28 903
64 712
50 704
313 789
650 715
13 640
152 681
138 754
767 817
231 870
497 824
162 283
324 780
369 787
81 932
343 412
29 384
357 877
184 495
591 758
425 996
191 586
812 962
367 447
422 664
578 882
718 750
625 685
172 963
603 866
568 579
395 482
503 776
317 588
260 815
240 580
846 998
121 731
63 287
255 705
547 685
55 75
328 522
270 771
22 111
383 920
12 294
317 766
433 446
92 856
416 766
369 596
35 857
327 428
742 777
147 891
795 797
85 383
703 715
480 563
117 617
254 980
616 685
207 928
707 823
591 777
718 928
344 949
15 505
233 880
550 791
947 972
237 340
478 910
629 687
340 550
148 823
315 789
290 350
87 792
268 629
223 834
800 920
241 981
127 272
190 773
842 946
424 689
469 609
273 371
650 677
177 256
156 370
946 991
273 326
136 849
63 818
143 190
360 597
102 333
11 406
937 983
206 878
94 655
256 343
25 605
350 474
506 896
140 358
574 782
158 636
9 152
151 850
400 585
536 875
19 715
128 568
2 844
562 945
139 913
90 804
45 616
424 791
197 309
251 408
127 374
87 170
190 703
536 743
375 432
512 818
546 844
451 646
111 899
122 608
346 980
313 791
151 624
423 466
228 818
336 876
449 990
317 683
255 415
91 537
814 835
137 220
89 914
307 926
135 622
681 946
565 857
123 261
213 802
333 335
301 707
215 840
272 814
4 92
163 547
281 452
324 622
299 928
32 818
434 541
240 438
89 521
21 711
329 714
362 861
182 568
122 547
576 961
777 845
387 858
240 947
114 324
141 631
336 627
49 687
161 306
120 150
608 832
54 600
474 706
8 328
166 988
51 657
855 866
450 951
318 534
174 797
698 931
596 774
737 836
542 817
703 926
514 588
26 529
188 389
188 628
294 871
270 408
15 783
538 603
472 906
31 563
310 530
774 845
514 683
493 753
151 998
501 673
97 391
902 989
468 888
109 420
722 978
503 827
730 990
252 810
428 585
210 286
416 808
418 617
730 740
257 799
689 946
137 975
1 644
74 128
349 948
47 543
93 799
558 733
184 775
338 907
245 455
106 393
159 261
443 758
482 716
295 854
456 830
372 390
638 726
244 642
263 364
779 819
263 683
163 190
171 642
225 972
176 491
49 487
504 827
230 793
733 996
207 242
84 792
523 743
249 924
117 190
708 771
131 480
280 833
80 790
7 982
166 773
89 319
52 55
802 888
437 936
832 960
31 821
369 960
179 410
387 620
24 589
135 232
183 603
58 924
462 740
267 451
3 259
181 409
647 693
820 967
146 831
478 553
365 554
190 887
382 654
98 269
154 908
473 693
30 482
31 234
232 433
510 839
139 350
562 906
167 412
809 893
95 697
193 859
4 81
354 556
83 180
253 742
257 588
55 537
481 560
280 818
360 620
15 437
194 539
24 784
648 793
216 812
136 766
106 860
71 270
575 760
11 769
444 589
139 265
54 121
6 624
370 454
371 843
621 809
185 472
67 230
140 260
234 873
188 705
556 866
602 840
563 861
180 787
116 575
333 926
128 616
53 116
407 880
86 148
239 376
757 977
48 413
5 847
99 648
46 698
465 690
209 395
23 149
281 299
98 318
137 191
518 884
493 826
743 879
47 604
164 712
252 753
135 945
693 998
600 866
491 717
307 718
80 614
591 753
314 450
185 368
856 891
164 842
29 118
146 401
535 729
828 890
602 744
208 900
58 322
247 957
827 871
604 950
464 470
341 497
210 350
721 793
598 600
510 633
399 860
24 130
493 523
255 635
227 990
379 705
551 971
263 303
834 838
257 721
340 757
734 795
124 791
579 867
236 491
748 865
610 827
310 888
610 824
70 415
360 568
459 589
417 518
228 312
152 366
224 547
265 935
647 983
258 934
36 353
156 909
156 246
39 731
81 813
593 984
80 465
580 819
404 560
475 748
781 950
144 797
31 674
710 997
545 996
228 956
25 928
675 781
427 739
619 676
459 740
665 824
66 102
475 945
194 433
271 576
359 729
869 969
113 261
366 859
413 789
719 895
169 309
461 511
441 764
549 577
16 591
158 977
163 941
690 716
252 832
294 405
529 603
161 537
313 935
733 964
217 735
